4.6063702E-5 -1.616728E-4 -7.9628895E-4 0.0055037676 -0.006672912 -0.011353423 0.027107773 -0.011353423 -0.006672912 0.0055037676 -7.9628895E-4 -1.616728E-4 4.6063702E-5
4.628866E-5 -1.6246234E-4 -8.0017775E-4 0.005530646 -0.0067055 -0.011408869 0.027240157 -0.011408869 -0.0067055 0.005530646 -8.0017775E-4 -1.6246234E-4 4.628866E-5
4.6473528E-5 -1.6311118E-4 -8.0337346E-4 0.0055527347 -0.0067322813 -0.011454436 0.027348952 -0.011454436 -0.0067322813 0.0055527347 -8.0337346E-4 -1.6311118E-4 4.6473528E-5
4.6617843E-5 -1.636177E-4 -8.058682E-4 0.0055699763 -0.006753185 -0.011490001 0.027433872 -0.011490001 -0.006753185 0.0055699763 -8.058682E-4 -1.636177E-4 4.6617843E-5
4.6721198E-5 -1.639804E-4 -8.076546E-4 0.0055823238 -0.006768156 -0.011515473 0.02749469 -0.011515473 -0.006768156 0.0055823238 -8.076546E-4 -1.639804E-4 4.6721198E-5
4.678331E-5 -1.641984E-4 -8.087284E-4 0.0055897464 -0.0067771543 -0.011530784 0.027531244 -0.011530784 -0.0067771543 0.0055897464 -8.087284E-4 -1.641984E-4 4.678331E-5
4.6804023E-5 -1.6427114E-4 -8.090867E-4 0.0055922223 -0.006780157 -0.011535891 0.02754344 -0.011535891 -0.006780157 0.0055922223 -8.090867E-4 -1.6427114E-4 4.6804023E-5
4.678331E-5 -1.641984E-4 -8.087284E-4 0.0055897464 -0.0067771543 -0.011530784 0.027531244 -0.011530784 -0.0067771543 0.0055897464 -8.087284E-4 -1.641984E-4 4.678331E-5
4.6721198E-5 -1.639804E-4 -8.076546E-4 0.0055823238 -0.006768156 -0.011515473 0.02749469 -0.011515473 -0.006768156 0.0055823238 -8.076546E-4 -1.639804E-4 4.6721198E-5
4.6617843E-5 -1.636177E-4 -8.058682E-4 0.0055699763 -0.006753185 -0.011490001 0.027433872 -0.011490001 -0.006753185 0.0055699763 -8.058682E-4 -1.636177E-4 4.6617843E-5
4.6473528E-5 -1.6311118E-4 -8.0337346E-4 0.0055527347 -0.0067322813 -0.011454436 0.027348952 -0.011454436 -0.0067322813 0.0055527347 -8.0337346E-4 -1.6311118E-4 4.6473528E-5
4.628866E-5 -1.6246234E-4 -8.0017775E-4 0.005530646 -0.0067055 -0.011408869 0.027240157 -0.011408869 -0.0067055 0.005530646 -8.0017775E-4 -1.6246234E-4 4.628866E-5
4.6063702E-5 -1.616728E-4 -7.9628895E-4 0.0055037676 -0.006672912 -0.011353423 0.027107773 -0.011353423 -0.006672912 0.0055037676 -7.9628895E-4 -1.616728E-4 4.6063702E-5
-1.9462762E-8 -1.753261E-6 8.739152E-6 6.562389E-5 -4.2421627E-4 -4.3091716E-4 0.0051238034 -0.0027036343 -0.016699245 0.01620787 0.013542174 -0.017045906 -0.0011872178
-6.487972E-7 -1.0969991E-6 4.6585978E-5 -7.968702E-5 -9.011829E-4 0.0024557693 0.004185296 -0.015135397 -8.538554E-4 0.024587495 -0.009226248 -0.010647334 0.0055335537
-2.1301719E-6 1.6248663E-5 5.5817185E-5 -5.8968924E-4 8.118064E-5 0.005704722 -0.0062536406 -0.01454656 0.021161767 0.007418075 -0.017191999 0.0016048856 0.003762806
1.0203655E-6 5.8077803E-5 -1.8291264E-4 -8.67857E-4 0.0035447443 0.0022751084 -0.017092781 0.0056987484 0.022240253 -0.013638927 -0.0072003542 0.005726601 2.5200963E-4
2.6024938E-5 2.7803575E-5 -7.4603467E-4 8.06309E-4 0.0057615526 -0.009920307 -0.010682562 0.024409238 8.700715E-4 -0.0158306 0.0037533555 0.0027368232 -8.9871325E-4
6.5376946E-5 -3.1509326E-4 -6.839119E-4 0.004565274 -3.9711114E-4 -0.01763198 0.012212679 0.017949384 -0.016498806 -0.0036542907 0.0053511797 -3.1563095E-4 -4.675819E-4
-2.3960281E-5 -8.617083E-4 0.0017147701 0.005140685 -0.013266889 -0.005380189 0.025539916 -0.005380189 -0.013266889 0.005140685 0.0017147701 -8.617083E-4 -2.3960281E-5
-4.675819E-4 -3.1563095E-4 0.0053511797 -0.0036542907 -0.016498806 0.017949384 0.012212679 -0.01763198 -3.9711114E-4 0.004565274 -6.839119E-4 -3.1509326E-4 6.5376946E-5
-8.9871325E-4 0.0027368232 0.0037533555 -0.0158306 8.700715E-4 0.024409238 -0.010682562 -0.009920307 0.0057615526 8.06309E-4 -7.4603467E-4 2.7803575E-5 2.6024938E-5
2.5200963E-4 0.005726601 -0.0072003542 -0.013638927 0.022240253 0.0056987484 -0.017092781 0.0022751084 0.0035447443 -8.67857E-4 -1.8291264E-4 5.8077803E-5 1.0203655E-6
0.003762806 0.0016048856 -0.017191999 0.007418075 0.021161767 -0.01454656 -0.0062536406 0.005704722 8.118064E-5 -5.8968924E-4 5.5817185E-5 1.6248663E-5 -2.1301719E-6
0.0055335537 -0.010647334 -0.009226248 0.024587495 -8.538554E-4 -0.015135397 0.004185296 0.0024557693 -9.011829E-4 -7.968702E-5 4.6585978E-5 -1.0969991E-6 -6.487972E-7
-0.0011872178 -0.017045906 0.013542174 0.01620787 -0.016699245 -0.0027036343 0.0051238034 -4.3091716E-4 -4.2421627E-4 6.562389E-5 8.739152E-6 -1.753261E-6 -1.9462762E-8
-1.9462453E-8 -6.4879634E-7 -2.1301717E-6 1.0203515E-6 2.6024927E-5 6.537694E-5 -2.3960109E-5 -4.6758133E-4 -8.9871325E-4 2.5200783E-4 0.0037628023 0.005533556 -0.0011872015
-1.7532611E-6 -1.0969992E-6 1.6248641E-5 5.807779E-5 2.780367E-5 -3.150926E-4 -8.617081E-4 -3.1563212E-4 0.0027368185 0.005726601 0.0016048958 -0.010647317 -0.01704591
8.739153E-6 4.658598E-5 5.581719E-5 -1.8291267E-4 -7.460348E-4 -6.839129E-4 0.001714768 0.005351179 0.0037533573 -0.007200346 -0.017191995 -0.009226268 0.013542154
6.56239E-5 -7.968703E-5 -5.896889E-4 -8.678574E-4 8.06307E-4 0.004565274 0.0051406864 -0.0036542865 -0.015830595 -0.013638936 0.0074180583 0.024587492 0.016207892
-4.242163E-4 -9.01183E-4 8.1180646E-5 0.0035447446 0.005761553 -3.9711117E-4 -0.0132668875 -0.016498806 8.700629E-4 0.022240248 0.021161776 -8.538386E-4 -0.016699241
-4.309161E-4 0.0024557703 0.0057047224 0.0022751086 -0.009920308 -0.017631982 -0.0053801937 0.017949382 0.024409242 0.0056987577 -0.014546557 -0.015135403 -0.0027036434
0.005123805 0.0041852943 -0.006253646 -0.017092783 -0.01068256 0.012212682 0.02553992 0.012212682 -0.01068256 -0.017092783 -0.006253646 0.0041852943 0.005123805
-0.0027036434 -0.015135403 -0.014546557 0.0056987577 0.024409242 0.017949382 -0.0053801937 -0.017631982 -0.009920308 0.0022751086 0.0057047224 0.0024557703 -4.309161E-4
-0.016699241 -8.538386E-4 0.021161776 0.022240248 8.700629E-4 -0.016498806 -0.0132668875 -3.9711117E-4 0.005761553 0.0035447446 8.1180646E-5 -9.01183E-4 -4.242163E-4
0.016207892 0.024587492 0.0074180583 -0.013638936 -0.015830595 -0.0036542865 0.0051406864 0.004565274 8.06307E-4 -8.678574E-4 -5.896889E-4 -7.968703E-5 6.56239E-5
0.013542154 -0.009226268 -0.017191995 -0.007200346 0.0037533573 0.005351179 0.001714768 -6.839129E-4 -7.460348E-4 -1.8291267E-4 5.581719E-5 4.658598E-5 8.739153E-6
-0.01704591 -0.010647317 0.0016048958 0.005726601 0.0027368185 -3.1563212E-4 -8.617081E-4 -3.150926E-4 2.780367E-5 5.807779E-5 1.6248641E-5 -1.0969992E-6 -1.7532611E-6
-0.0011872015 0.005533556 0.0037628023 2.5200783E-4 -8.9871325E-4 -4.6758133E-4 -2.3960109E-5 6.537694E-5 2.6024927E-5 1.0203515E-6 -2.1301717E-6 -6.4879634E-7 -1.9462453E-8
4.6063753E-5 4.6288682E-5 4.6473546E-5 4.661786E-5 4.6721216E-5 4.6783327E-5 4.680404E-5 4.6783327E-5 4.6721216E-5 4.661786E-5 4.6473546E-5 4.6288682E-5 4.606366E-5
-1.616732E-4 -1.6246241E-4 -1.6311125E-4 -1.6361778E-4 -1.6398047E-4 -1.6419847E-4 -1.6427122E-4 -1.6419847E-4 -1.6398047E-4 -1.6361778E-4 -1.6311125E-4 -1.6246241E-4 -1.6167227E-4
-7.962885E-4 -8.001773E-4 -8.03373E-4 -8.058677E-4 -8.076549E-4 -8.0872874E-4 -8.09087E-4 -8.0872874E-4 -8.076549E-4 -8.0586853E-4 -8.033738E-4 -8.001781E-4 -7.962898E-4
0.0055037704 0.0055306493 0.0055527384 0.0055699795 0.005582326 0.0055897487 0.0055922247 0.0055897487 0.005582326 0.0055699763 0.0055527356 0.005530646 0.005503768
-0.0066729244 -0.006705513 -0.0067322897 -0.0067531937 -0.006768164 -0.0067771575 -0.0067801597 -0.0067771575 -0.0067681586 -0.0067531825 -0.0067322785 -0.0067054974 -0.006672909
-0.011353417 -0.011408863 -0.011454433 -0.011489999 -0.011515475 -0.011530784 -0.011535896 -0.011530789 -0.011515482 -0.01149001 -0.011454443 -0.011408879 -0.011353434
0.027107785 0.027240168 0.027348964 0.027433883 0.0274947 0.027531255 0.027543452 0.027531255 0.0274947 0.027433883 0.027348964 0.027240168 0.027107785
-0.011353434 -0.011408879 -0.011454443 -0.01149001 -0.011515482 -0.011530789 -0.011535896 -0.011530784 -0.011515475 -0.011489999 -0.011454433 -0.011408863 -0.011353417
-0.006672909 -0.0067054974 -0.0067322785 -0.0067531825 -0.0067681586 -0.0067771575 -0.0067801597 -0.0067771575 -0.006768164 -0.0067531937 -0.0067322897 -0.006705513 -0.0066729244
0.005503768 0.005530646 0.0055527356 0.0055699763 0.005582326 0.0055897487 0.0055922247 0.0055897487 0.005582326 0.0055699795 0.0055527384 0.0055306493 0.0055037704
-7.962898E-4 -8.001781E-4 -8.033738E-4 -8.0586853E-4 -8.076549E-4 -8.0872874E-4 -8.09087E-4 -8.0872874E-4 -8.076549E-4 -8.058677E-4 -8.03373E-4 -8.001773E-4 -7.962885E-4
-1.6167227E-4 -1.6246241E-4 -1.6311125E-4 -1.6361778E-4 -1.6398047E-4 -1.6419847E-4 -1.6427122E-4 -1.6419847E-4 -1.6398047E-4 -1.6361778E-4 -1.6311125E-4 -1.6246241E-4 -1.616732E-4
4.606366E-5 4.6288682E-5 4.6473546E-5 4.661786E-5 4.6721216E-5 4.6783327E-5 4.680404E-5 4.6783327E-5 4.6721216E-5 4.661786E-5 4.6473546E-5 4.6288682E-5 4.6063753E-5
-0.001187226 0.0055335523 0.0037628072 2.5201138E-4 -8.9871325E-4 -4.675819E-4 -2.3960281E-5 6.5376946E-5 2.6024938E-5 1.0203514E-6 -2.1301714E-6 -6.487963E-7 -1.9462451E-8
-0.017045902 -0.0106473435 0.0016048823 0.005726602 0.0027368232 -3.1563095E-4 -8.617083E-4 -3.1509326E-4 2.7803575E-5 5.8077803E-5 1.6248663E-5 -1.0969991E-6 -1.7532594E-6
0.013542197 -0.009226242 -0.017191999 -0.0072003603 0.00375335 0.0053511797 0.0017147701 -6.839119E-4 -7.4603467E-4 -1.8291264E-4 5.5817185E-5 4.6585978E-5 8.739152E-6
0.016207851 0.024587497 0.0074180863 -0.013638921 -0.0158306 -0.0036542907 0.005140685 0.004565274 8.063069E-4 -8.678573E-4 -5.8968883E-4 -7.968658E-5 6.562387E-5
-0.01669925 -8.538639E-4 0.02116176 0.022240259 8.7007816E-4 -0.016498802 -0.013266889 -3.9711114E-4 0.0057615526 0.0035447443 8.118064E-5 -9.011829E-4 -4.2421548E-4
-0.0027036252 -0.015135394 -0.014546563 0.0056987377 0.024409235 0.017949387 -0.005380189 -0.01763198 -0.009920307 0.0022751146 0.0057047205 0.002455767 -4.3091818E-4
0.0051238006 0.0041853003 -0.006253635 -0.017092777 -0.010682565 0.012212676 0.025539916 0.012212676 -0.010682565 -0.017092777 -0.006253635 0.0041853003 0.0051238006
-4.3091818E-4 0.002455767 0.0057047205 0.0022751146 -0.009920307 -0.01763198 -0.005380189 0.017949387 0.024409235 0.0056987377 -0.014546563 -0.015135394 -0.0027036252
-4.2421548E-4 -9.011829E-4 8.118064E-5 0.0035447443 0.0057615526 -3.9711114E-4 -0.013266889 -0.016498802 8.7007816E-4 0.022240259 0.02116176 -8.538639E-4 -0.01669925
6.562387E-5 -7.968658E-5 -5.8968883E-4 -8.678573E-4 8.063069E-4 0.004565274 0.005140685 -0.0036542907 -0.0158306 -0.013638921 0.0074180863 0.024587497 0.016207851
8.739152E-6 4.6585978E-5 5.5817185E-5 -1.8291264E-4 -7.4603467E-4 -6.839119E-4 0.0017147701 0.0053511797 0.00375335 -0.0072003603 -0.017191999 -0.009226242 0.013542197
-1.7532594E-6 -1.0969991E-6 1.6248663E-5 5.8077803E-5 2.7803575E-5 -3.1509326E-4 -8.617083E-4 -3.1563095E-4 0.0027368232 0.005726602 0.0016048823 -0.0106473435 -0.017045902
-1.9462451E-8 -6.487963E-7 -2.1301714E-6 1.0203514E-6 2.6024938E-5 6.5376946E-5 -2.3960281E-5 -4.675819E-4 -8.9871325E-4 2.5201138E-4 0.0037628072 0.0055335523 -0.001187226
-0.001187173 -0.017045917 0.013542115 0.016207932 -0.016699236 -0.002703661 0.00512381 -4.3091393E-4 -4.2421735E-4 6.5623906E-5 8.739191E-6 -1.7532614E-6 -1.9462766E-8
0.005533561 -0.01064729 -0.009226303 0.024587482 -8.537963E-4 -0.015135417 0.004185287 0.002455776 -9.0118335E-4 -7.968704E-5 4.6586076E-5 -1.0969993E-6 -6.487973E-7
0.0037627935 0.0016049191 -0.017191995 0.007418017 0.021161798 -0.014546545 -0.006253661 0.005704724 8.118392E-5 -5.8968936E-4 5.5817163E-5 1.6248667E-5 -2.1301719E-6
2.5200253E-4 0.005726601 -0.0072003324 -0.013638956 0.022240238 0.0056987777 -0.017092787 0.002275103 0.0035447483 -8.678572E-4 -1.8291268E-4 5.8077796E-5 1.0203516E-6
-8.987133E-4 0.0027368122 0.0037533653 -0.01583059 8.700435E-4 0.02440925 -0.01068255 -0.009920318 0.0057615535 8.0630707E-4 -7.4603484E-4 2.7803671E-5 2.6024929E-5
-4.675809E-4 -3.156347E-4 0.005351177 -0.0036542728 -0.016498813 0.017949376 0.012212689 -0.017631983 -3.971112E-4 0.004565274 -6.8391295E-4 -3.1509218E-4 6.5376975E-5
-2.3959927E-5 -8.617081E-4 0.0017147675 0.0051406887 -0.0132668875 -0.0053801946 0.025539922 -0.0053801946 -0.0132668875 0.0051406887 0.0017147675 -8.617081E-4 -2.3959927E-5
6.5376975E-5 -3.1509218E-4 -6.8391295E-4 0.004565274 -3.971112E-4 -0.017631983 0.012212689 0.017949376 -0.016498813 -0.0036542728 0.005351177 -3.156347E-4 -4.675809E-4
2.6024929E-5 2.7803671E-5 -7.4603484E-4 8.0630707E-4 0.0057615535 -0.009920318 -0.01068255 0.02440925 8.700435E-4 -0.01583059 0.0037533653 0.0027368122 -8.987133E-4
1.0203516E-6 5.8077796E-5 -1.8291268E-4 -8.678572E-4 0.0035447483 0.002275103 -0.017092787 0.0056987777 0.022240238 -0.013638956 -0.0072003324 0.005726601 2.5200253E-4
-2.1301719E-6 1.6248667E-5 5.5817163E-5 -5.8968936E-4 8.118392E-5 0.005704724 -0.006253661 -0.014546545 0.021161798 0.007418017 -0.017191995 0.0016049191 0.0037627935
-6.487973E-7 -1.0969993E-6 4.6586076E-5 -7.968704E-5 -9.0118335E-4 0.002455776 0.004185287 -0.015135417 -8.537963E-4 0.024587482 -0.009226303 -0.01064729 0.005533561
-1.9462766E-8 -1.7532614E-6 8.739191E-6 6.5623906E-5 -4.2421735E-4 -4.3091393E-4 0.00512381 -0.002703661 -0.016699236 0.016207932 0.013542115 -0.017045917 -0.001187173
4.472665E-5 -1.5698007E-4 -7.731758E-4 0.0053440155 -0.0064792237 -0.011023878 0.026320942 -0.011023878 -0.0064792237 0.0053440155 -7.731758E-4 -1.5698007E-4 4.472665E-5
4.560679E-5 -1.6006916E-4 -7.8839046E-4 0.005449175 -0.0066067227 -0.011240806 0.026838886 -0.011240806 -0.0066067227 0.005449175 -7.8839046E-4 -1.6006916E-4 4.560679E-5
4.6339766E-5 -1.6264172E-4 -8.010613E-4 0.0055367523 -0.0067129037 -0.011421465 0.027270233 -0.011421465 -0.0067129037 0.0055367523 -8.010613E-4 -1.6264172E-4 4.6339766E-5
4.6917994E-5 -1.6467116E-4 -8.110568E-4 0.0056058397 -0.006796667 -0.011563983 0.02761051 -0.011563983 -0.006796667 0.0056058397 -8.110568E-4 -1.6467116E-4 4.6917994E-5
4.733542E-5 -1.6613622E-4 -8.1827276E-4 0.0056557152 -0.0068571377 -0.011666868 0.027856162 -0.011666868 -0.0068571377 0.0056557152 -8.1827276E-4 -1.6613622E-4 4.733542E-5
4.758768E-5 -1.6702156E-4 -8.226333E-4 0.0056858533 -0.006893677 -0.011729037 0.028004602 -0.011729037 -0.006893677 0.0056858533 -8.226333E-4 -1.6702156E-4 4.758768E-5
4.7672045E-5 -1.673177E-4 -8.240919E-4 0.005695935 -0.006905901 -0.011749834 0.028054258 -0.011749834 -0.006905901 0.005695935 -8.240919E-4 -1.673177E-4 4.7672045E-5
4.758768E-5 -1.6702156E-4 -8.226333E-4 0.0056858533 -0.006893677 -0.011729037 0.028004602 -0.011729037 -0.006893677 0.0056858533 -8.226333E-4 -1.6702156E-4 4.758768E-5
4.733542E-5 -1.6613622E-4 -8.1827276E-4 0.0056557152 -0.0068571377 -0.011666868 0.027856162 -0.011666868 -0.0068571377 0.0056557152 -8.1827276E-4 -1.6613622E-4 4.733542E-5
4.6917994E-5 -1.6467116E-4 -8.110568E-4 0.0056058397 -0.006796667 -0.011563983 0.02761051 -0.011563983 -0.006796667 0.0056058397 -8.110568E-4 -1.6467116E-4 4.6917994E-5
4.6339766E-5 -1.6264172E-4 -8.010613E-4 0.0055367523 -0.0067129037 -0.011421465 0.027270233 -0.011421465 -0.0067129037 0.0055367523 -8.010613E-4 -1.6264172E-4 4.6339766E-5
4.560679E-5 -1.6006916E-4 -7.8839046E-4 0.005449175 -0.0066067227 -0.011240806 0.026838886 -0.011240806 -0.0066067227 0.005449175 -7.8839046E-4 -1.6006916E-4 4.560679E-5
4.472665E-5 -1.5698007E-4 -7.731758E-4 0.0053440155 -0.0064792237 -0.011023878 0.026320942 -0.011023878 -0.0064792237 0.0053440155 -7.731758E-4 -1.5698007E-4 4.472665E-5
-1.9816804E-8 -1.779363E-6 8.83461E-6 6.603762E-5 -4.2465847E-4 -4.2882565E-4 0.0050655343 -0.002653617 -0.016261328 0.015648242 0.012954475 -0.016145624 -0.001112705
-6.632855E-7 -1.1191448E-6 4.7395246E-5 -8.079388E-5 -9.0996886E-4 0.0024679431 0.0041833045 -0.015036416 -8.42565E-4 0.024083162 -0.00896429 -0.01025498 0.00527974
-2.1822416E-6 1.6630056E-5 5.7035286E-5 -6.0118735E-4 8.252044E-5 0.005777998 -0.0063069765 -0.014598406 0.021118613 0.0073567247 -0.016932106 0.0015686696 0.0036476534
1.0453829E-6 5.9513735E-5 -1.8734841E-4 -8.879019E-4 0.0036201281 0.0023177932 -0.017359227 0.005765722 0.022401754 -0.0136679085 -0.00717409 0.0056690765 2.4771172E-4
2.661184E-5 2.8469047E-5 -7.644169E-4 8.261959E-4 0.005899876 -0.01014523 -0.010903275 0.024848033 8.827965E-4 -0.01599861 0.003775681 0.0027385748 -8.939491E-4
6.6590044E-5 -3.2174445E-4 -6.996338E-4 0.00467571 -4.0692496E-4 -0.018064935 0.012502324 0.01834786 -0.016828906 -0.0037169394 0.0054240334 -3.1860633E-4 -4.6972738E-4
-2.4261137E-5 -8.757224E-4 0.0017478752 0.0052521275 -0.013577026 -0.00551145 0.026171708 -0.00551145 -0.013577026 0.0052521275 0.0017478752 -8.757224E-4 -2.4261137E-5
-4.6972738E-4 -3.1860633E-4 0.0054240334 -0.0037169394 -0.016828906 0.01834786 0.012502324 -0.018064935 -4.0692496E-4 0.00467571 -6.996338E-4 -3.2174445E-4 6.6590044E-5
-8.939491E-4 0.0027385748 0.003775681 -0.01599861 8.827965E-4 0.024848033 -0.010903275 -0.01014523 0.005899876 8.261959E-4 -7.644169E-4 2.8469047E-5 2.661184E-5
2.4771172E-4 0.0056690765 -0.00717409 -0.0136679085 0.022401754 0.005765722 -0.017359227 0.0023177932 0.0036201281 -8.879019E-4 -1.8734841E-4 5.9513735E-5 1.0453829E-6
0.0036476534 0.0015686696 -0.016932106 0.0073567247 0.021118613 -0.014598406 -0.0063069765 0.005777998 8.252044E-5 -6.0118735E-4 5.7035286E-5 1.6630056E-5 -2.1822416E-6
0.00527974 -0.01025498 -0.00896429 0.024083162 -8.42565E-4 -0.015036416 0.0041833045 0.0024679431 -9.0996886E-4 -8.079388E-5 4.7395246E-5 -1.1191448E-6 -6.632855E-7
-0.001112705 -0.016145624 0.012954475 0.015648242 -0.016261328 -0.002653617 0.0050655343 -4.2882565E-4 -4.2465847E-4 6.603762E-5 8.83461E-6 -1.779363E-6 -1.9816804E-8
-1.9816497E-8 -6.6328494E-7 -2.1822423E-6 1.0453688E-6 2.6611835E-5 6.6590066E-5 -2.4260971E-5 -4.6972703E-4 -8.9394936E-4 2.4771004E-4 0.003647651 0.0052797445 -0.0011126901
-1.7793639E-6 -1.1191454E-6 1.6630042E-5 5.9513743E-5 2.8469158E-5 -3.2174386E-4 -8.7572256E-4 -3.1860766E-4 0.0027385713 0.005669079 0.0015686802 -0.010254966 -0.016145635
8.834614E-6 4.739527E-5 5.703531E-5 -1.873485E-4 -7.6441723E-4 -6.99635E-4 0.0017478737 0.0054240352 0.0037756849 -0.007174084 -0.016932111 -0.008964315 0.01295446
6.6037646E-5 -8.079392E-5 -6.0118723E-4 -8.879025E-4 8.26194E-4 0.0046757115 0.0052521313 -0.0037169363 -0.015998613 -0.013667924 0.007356711 0.024083167 0.015648266
-4.2465868E-4 -9.099693E-4 8.2520484E-5 0.0036201298 0.005899879 -4.0692516E-4 -0.01357703 -0.016828913 8.827881E-4 0.022401758 0.02111863 -8.4254873E-4 -0.016261332
-4.2882474E-4 0.0024679455 0.0057780007 0.0023177944 -0.010145235 -0.018064944 -0.0055114576 0.018347867 0.024848048 0.0057657342 -0.014598409 -0.015036427 -0.0026536267
0.005065538 0.004183305 -0.006306985 -0.017359236 -0.0109032765 0.012502333 0.026171722 0.012502333 -0.0109032765 -0.017359236 -0.006306985 0.004183305 0.005065538
-0.0026536267 -0.015036427 -0.014598409 0.0057657342 0.024848048 0.018347867 -0.0055114576 -0.018064944 -0.010145235 0.0023177944 0.0057780007 0.0024679455 -4.2882474E-4
-0.016261332 -8.4254873E-4 0.02111863 0.022401758 8.827881E-4 -0.016828913 -0.01357703 -4.0692516E-4 0.005899879 0.0036201298 8.2520484E-5 -9.099693E-4 -4.2465868E-4
0.015648266 0.024083167 0.007356711 -0.013667924 -0.015998613 -0.0037169363 0.0052521313 0.0046757115 8.26194E-4 -8.879025E-4 -6.0118723E-4 -8.079392E-5 6.6037646E-5
0.01295446 -0.008964315 -0.016932111 -0.007174084 0.0037756849 0.0054240352 0.0017478737 -6.99635E-4 -7.6441723E-4 -1.873485E-4 5.703531E-5 4.739527E-5 8.834614E-6
-0.016145635 -0.010254966 0.0015686802 0.005669079 0.0027385713 -3.1860766E-4 -8.7572256E-4 -3.2174386E-4 2.8469158E-5 5.9513743E-5 1.6630042E-5 -1.1191454E-6 -1.7793639E-6
-0.0011126901 0.0052797445 0.003647651 2.4771004E-4 -8.9394936E-4 -4.6972703E-4 -2.4260971E-5 6.6590066E-5 2.6611835E-5 1.0453688E-6 -2.1822423E-6 -6.6328494E-7 -1.9816497E-8
4.472669E-5 4.56068E-5 4.6339777E-5 4.6918E-5 4.733543E-5 4.758769E-5 4.7672056E-5 4.758769E-5 4.733543E-5 4.6918E-5 4.6339777E-5 4.56068E-5 4.47266E-5
-1.569804E-4 -1.6006919E-4 -1.6264177E-4 -1.6467119E-4 -1.6613626E-4 -1.6702159E-4 -1.6731773E-4 -1.6702159E-4 -1.6613626E-4 -1.6467119E-4 -1.6264177E-4 -1.6006919E-4 -1.5697953E-4
-7.7317515E-4 -7.883899E-4 -8.010606E-4 -8.1105623E-4 -8.1827294E-4 -8.2263345E-4 -8.240921E-4 -8.2263345E-4 -8.1827294E-4 -8.11057E-4 -8.0106145E-4 -7.8839064E-4 -7.7317643E-4
0.0053440174 0.0054491768 0.0055367546 0.0056058415 0.0056557166 0.0056858542 0.0056959363 0.0056858542 0.0056557166 0.005605839 0.0055367514 0.0054491744 0.0053440146
-0.006479235 -0.0066067334 -0.0067129107 -0.006796674 -0.006857144 -0.0068936786 -0.006905902 -0.0068936786 -0.006857139 -0.0067966627 -0.0067128995 -0.0066067185 -0.00647922
-0.01102387 -0.011240798 -0.011421462 -0.011563977 -0.011666867 -0.011729036 -0.011749837 -0.01172904 -0.011666874 -0.011563988 -0.011421471 -0.011240815 -0.011023886
0.026320947 0.026838893 0.027270239 0.027610516 0.02785617 0.028004609 0.028054263 0.028004609 0.02785617 0.027610516 0.027270239 0.026838893 0.026320947
-0.011023886 -0.011240815 -0.011421471 -0.011563988 -0.011666874 -0.01172904 -0.011749837 -0.011729036 -0.011666867 -0.011563977 -0.011421462 -0.011240798 -0.01102387
-0.00647922 -0.0066067185 -0.0067128995 -0.0067966627 -0.006857139 -0.0068936786 -0.006905902 -0.0068936786 -0.006857144 -0.006796674 -0.0067129107 -0.0066067334 -0.006479235
0.0053440146 0.0054491744 0.0055367514 0.005605839 0.0056557166 0.0056858542 0.0056959363 0.0056858542 0.0056557166 0.0056058415 0.0055367546 0.0054491768 0.0053440174
-7.7317643E-4 -7.8839064E-4 -8.0106145E-4 -8.11057E-4 -8.1827294E-4 -8.2263345E-4 -8.240921E-4 -8.2263345E-4 -8.1827294E-4 -8.1105623E-4 -8.010606E-4 -7.883899E-4 -7.7317515E-4
-1.5697953E-4 -1.6006919E-4 -1.6264177E-4 -1.6467119E-4 -1.6613626E-4 -1.6702159E-4 -1.6731773E-4 -1.6702159E-4 -1.6613626E-4 -1.6467119E-4 -1.6264177E-4 -1.6006919E-4 -1.569804E-4
4.47266E-5 4.56068E-5 4.6339777E-5 4.6918E-5 4.733543E-5 4.758769E-5 4.7672056E-5 4.758769E-5 4.733543E-5 4.6918E-5 4.6339777E-5 4.56068E-5 4.472669E-5
-0.001112713 0.0052797403 0.0036476562 2.4771353E-4 -8.9394936E-4 -4.6972753E-4 -2.4261144E-5 6.659006E-5 2.6611848E-5 1.0453685E-6 -2.1822418E-6 -6.6328477E-7 -1.9816493E-8
-0.016145628 -0.01025499 0.0015686669 0.0056690797 0.0027385757 -3.186064E-4 -8.757227E-4 -3.2174453E-4 2.8469054E-5 5.9513754E-5 1.663006E-5 -1.1191452E-6 -1.7793622E-6
0.0129545005 -0.008964287 -0.016932111 -0.0071740965 0.003775677 0.0054240352 0.0017478757 -6.99634E-4 -7.6441705E-4 -1.8734847E-4 5.70353E-5 4.739526E-5 8.834612E-6
0.015648225 0.024083171 0.0073567377 -0.013667908 -0.015998615 -0.0037169403 0.0052521294 0.0046757115 8.261939E-4 -8.8790234E-4 -6.011871E-4 -8.0793456E-5 6.603762E-5
-0.016261335 -8.425736E-4 0.021118613 0.022401769 8.828034E-4 -0.016828906 -0.013577031 -4.069251E-4 0.0058998778 0.003620129 8.252046E-5 -9.0996915E-4 -4.246578E-4
-0.0026536088 -0.015036414 -0.014598413 0.0057657133 0.024848038 0.018347867 -0.005511452 -0.01806494 -0.010145233 0.0023178004 0.0057779984 0.0024679417 -4.2882675E-4
0.0050655333 0.0041833105 -0.0063069733 -0.017359229 -0.010903281 0.012502326 0.026171716 0.012502326 -0.010903281 -0.017359229 -0.0063069733 0.0041833105 0.0050655333
-4.2882675E-4 0.0024679417 0.0057779984 0.0023178004 -0.010145233 -0.01806494 -0.005511452 0.018347867 0.024848038 0.0057657133 -0.014598413 -0.015036414 -0.0026536088
-4.246578E-4 -9.0996915E-4 8.252046E-5 0.003620129 0.0058998778 -4.069251E-4 -0.013577031 -0.016828906 8.828034E-4 0.022401769 0.021118613 -8.425736E-4 -0.016261335
6.603762E-5 -8.0793456E-5 -6.011871E-4 -8.8790234E-4 8.261939E-4 0.0046757115 0.0052521294 -0.0037169403 -0.015998615 -0.013667908 0.0073567377 0.024083171 0.015648225
8.834612E-6 4.739526E-5 5.70353E-5 -1.8734847E-4 -7.6441705E-4 -6.99634E-4 0.0017478757 0.0054240352 0.003775677 -0.0071740965 -0.016932111 -0.008964287 0.0129545005
-1.7793622E-6 -1.1191452E-6 1.663006E-5 5.9513754E-5 2.8469054E-5 -3.2174453E-4 -8.757227E-4 -3.186064E-4 0.0027385757 0.0056690797 0.0015686669 -0.01025499 -0.016145628
-1.9816493E-8 -6.6328477E-7 -2.1822418E-6 1.0453685E-6 2.6611848E-5 6.659006E-5 -2.4261144E-5 -4.6972753E-4 -8.9394936E-4 2.4771353E-4 0.0036476562 0.0052797403 -0.001112713
-0.0011126632 -0.01614564 0.0129544195 0.015648302 -0.016261319 -0.0026536433 0.0050655412 -4.2882247E-4 -4.246596E-4 6.603764E-5 8.8346505E-6 -1.7793635E-6 -1.981681E-8
0.0052797473 -0.010254938 -0.008964345 0.02408315 -8.425068E-4 -0.015036437 0.004183296 0.0024679506 -9.0996944E-4 -8.079388E-5 4.739535E-5 -1.1191452E-6 -6.632857E-7
0.0036476417 0.0015687027 -0.016932102 0.0073566684 0.021118648 -0.014598393 -0.0063069984 0.005778001 8.252379E-5 -6.011875E-4 5.7035264E-5 1.663006E-5 -2.1822418E-6
2.477048E-4 0.005669077 -0.0071740677 -0.013667938 0.02240174 0.005765753 -0.017359236 0.0023177876 0.0036201323 -8.879021E-4 -1.8734847E-4 5.951373E-5 1.0453685E-6
-8.939493E-4 0.002738564 0.0037756914 -0.015998602 8.82768E-4 0.02484805 -0.010903264 -0.010145241 0.0058998778 8.261939E-4 -7.6441705E-4 2.8469152E-5 2.661183E-5
-4.6972645E-4 -3.186101E-4 0.0054240315 -0.0037169212 -0.016828915 0.018347854 0.012502337 -0.01806494 -4.069251E-4 0.0046757106 -6.9963484E-4 -3.2174337E-4 6.659008E-5
-2.426078E-5 -8.7572227E-4 0.001747873 0.0052521313 -0.013577026 -0.005511456 0.026171716 -0.005511456 -0.013577026 0.0052521313 0.001747873 -8.7572227E-4 -2.426078E-5
6.659008E-5 -3.2174337E-4 -6.9963484E-4 0.0046757106 -4.069251E-4 -0.01806494 0.012502337 0.018347854 -0.016828915 -0.0037169212 0.0054240315 -3.186101E-4 -4.6972645E-4
2.661183E-5 2.8469152E-5 -7.6441705E-4 8.261939E-4 0.0058998778 -0.010145241 -0.010903264 0.02484805 8.82768E-4 -0.015998602 0.0037756914 0.002738564 -8.939493E-4
1.0453685E-6 5.951373E-5 -1.8734847E-4 -8.879021E-4 0.0036201323 0.0023177876 -0.017359236 0.005765753 0.02240174 -0.013667938 -0.0071740677 0.005669077 2.477048E-4
-2.1822418E-6 1.663006E-5 5.7035264E-5 -6.011875E-4 8.252379E-5 0.005778001 -0.0063069984 -0.014598393 0.021118648 0.0073566684 -0.016932102 0.0015687027 0.0036476417
-6.632857E-7 -1.1191452E-6 4.739535E-5 -8.079388E-5 -9.0996944E-4 0.0024679506 0.004183296 -0.015036437 -8.425068E-4 0.02408315 -0.008964345 -0.010254938 0.0052797473
-1.981681E-8 -1.7793635E-6 8.8346505E-6 6.603764E-5 -4.246596E-4 -4.2882247E-4 0.0050655412 -0.0026536433 -0.016261319 0.015648302 0.0129544195 -0.01614564 -0.0011126632
3.9650015E-5 -1.3916222E-4 -6.854173E-4 0.004737448 -0.0057438067 -0.009772625 0.023333412 -0.009772625 -0.0057438067 0.004737448 -6.854173E-4 -1.3916222E-4 3.9650015E-5
4.2864285E-5 -1.504436E-4 -7.409816E-4 0.005121496 -0.006209436 -0.010564854 0.025224963 -0.010564854 -0.006209436 0.005121496 -7.409816E-4 -1.504436E-4 4.2864285E-5
4.5687033E-5 -1.6035078E-4 -7.8977767E-4 0.0054587615 -0.006618346 -0.011260583 0.026886106 -0.011260583 -0.006618346 0.0054587615 -7.8977767E-4 -1.6035078E-4 4.5687033E-5
4.8010395E-5 -1.6850523E-4 -8.2994084E-4 0.0057363627 -0.006954916 -0.01183323 0.028253373 -0.01183323 -0.006954916 0.0057363627 -8.2994084E-4 -1.6850523E-4 4.8010395E-5
4.9741942E-5 -1.7458256E-4 -8.598736E-4 0.00594325 -0.0072057517 -0.012260007 0.029272359 -0.012260007 -0.0072057517 0.00594325 -8.598736E-4 -1.7458256E-4 4.9741942E-5
5.0810693E-5 -1.7833362E-4 -8.783487E-4 0.006070947 -0.007360575 -0.012523427 0.029901307 -0.012523427 -0.007360575 0.006070947 -8.783487E-4 -1.7833362E-4 5.0810693E-5
5.117203E-5 -1.7960183E-4 -8.845951E-4 0.006114119 -0.0074129184 -0.012612483 0.030113945 -0.012612483 -0.0074129184 0.006114119 -8.845951E-4 -1.7960183E-4 5.117203E-5
5.0810693E-5 -1.7833362E-4 -8.783487E-4 0.006070947 -0.007360575 -0.012523427 0.029901307 -0.012523427 -0.007360575 0.006070947 -8.783487E-4 -1.7833362E-4 5.0810693E-5
4.9741942E-5 -1.7458256E-4 -8.598736E-4 0.00594325 -0.0072057517 -0.012260007 0.029272359 -0.012260007 -0.0072057517 0.00594325 -8.598736E-4 -1.7458256E-4 4.9741942E-5
4.8010395E-5 -1.6850523E-4 -8.2994084E-4 0.0057363627 -0.006954916 -0.01183323 0.028253373 -0.01183323 -0.006954916 0.0057363627 -8.2994084E-4 -1.6850523E-4 4.8010395E-5
4.5687033E-5 -1.6035078E-4 -7.8977767E-4 0.0054587615 -0.006618346 -0.011260583 0.026886106 -0.011260583 -0.006618346 0.0054587615 -7.8977767E-4 -1.6035078E-4 4.5687033E-5
4.2864285E-5 -1.504436E-4 -7.409816E-4 0.005121496 -0.006209436 -0.010564854 0.025224963 -0.010564854 -0.006209436 0.005121496 -7.409816E-4 -1.504436E-4 4.2864285E-5
3.9650015E-5 -1.3916222E-4 -6.854173E-4 0.004737448 -0.0057438067 -0.009772625 0.023333412 -0.009772625 -0.0057438067 0.004737448 -6.854173E-4 -1.3916222E-4 3.9650015E-5
-2.1190475E-8 -1.8781303E-6 9.180119E-6 6.737493E-5 -4.2426624E-4 -4.184246E-4 0.0048144367 -0.002450124 -0.014547269 0.013527345 0.010792805 -0.012929532 -8.5421547E-4
-7.208685E-7 -1.2061313E-6 5.0517545E-5 -8.494357E-5 -9.411727E-4 0.0025044635 0.0041541443 -0.01457253 -7.9481956E-4 0.022054594 -0.007948184 -0.008780093 0.0043534655
-2.3913594E-6 1.8154646E-5 6.186361E-5 -6.4616726E-4 8.765694E-5 0.006049755 -0.0064917686 -0.014732442 0.020840496 0.007080216 -0.015850326 0.0014245245 0.0032048607
1.1458862E-6 6.528811E-5 -2.0514627E-4 -9.678792E-4 0.0039180373 0.0024840124 -0.018373413 0.0060109003 0.022942465 -0.013714447 -0.0070340782 0.00541705 2.3006635E-4
2.8946977E-5 3.1135147E-5 -8.383081E-4 9.061454E-4 0.0064542415 -0.011040722 -0.011772584 0.026548019 9.3083305E-4 -0.016603915 0.0038466856 0.0027316492 -8.706989E-4
7.1307906E-5 -3.4800696E-4 -7.623283E-4 0.005118693 -4.4638757E-4 -0.019804614 0.013661516 0.019930474 -0.01812417 -0.003958254 0.005696427 -3.2911098E-4 -4.7597886E-4
-2.5373321E-5 -9.293515E-4 0.0018772287 0.0056935246 -0.014816163 -0.0060384865 0.028712519 -0.0060384865 -0.014816163 0.0056935246 0.0018772287 -9.293515E-4 -2.5373321E-5
-4.7597886E-4 -3.2911098E-4 0.005696427 -0.003958254 -0.01812417 0.019930474 0.013661516 -0.019804614 -4.4638757E-4 0.005118693 -7.623283E-4 -3.4800696E-4 7.1307906E-5
-8.706989E-4 0.0027316492 0.0038466856 -0.016603915 9.3083305E-4 0.026548019 -0.011772584 -0.011040722 0.0064542415 9.061454E-4 -8.383081E-4 3.1135147E-5 2.8946977E-5
2.3006635E-4 0.00541705 -0.0070340782 -0.013714447 0.022942465 0.0060109003 -0.018373413 0.0024840124 0.0039180373 -9.678792E-4 -2.0514627E-4 6.528811E-5 1.1458862E-6
0.0032048607 0.0014245245 -0.015850326 0.007080216 0.020840496 -0.014732442 -0.0064917686 0.006049755 8.765694E-5 -6.4616726E-4 6.186361E-5 1.8154646E-5 -2.3913594E-6
0.0043534655 -0.008780093 -0.007948184 0.022054594 -7.9481956E-4 -0.01457253 0.0041541443 0.0025044635 -9.411727E-4 -8.494357E-5 5.0517545E-5 -1.2061313E-6 -7.208685E-7
-8.5421547E-4 -0.012929532 0.010792805 0.013527345 -0.014547269 -0.002450124 0.0048144367 -4.184246E-4 -4.2426624E-4 6.737493E-5 9.180119E-6 -1.8781303E-6 -2.1190475E-8
-2.119015E-8 -7.2086806E-7 -2.3913606E-6 1.1458711E-6 2.8946977E-5 7.1307935E-5 -2.5373152E-5 -4.7597857E-4 -8.706993E-4 2.3006483E-4 0.0032048593 0.0043534706 -8.5420406E-4
-1.8781305E-6 -1.2061321E-6 1.8154635E-5 6.5288135E-5 3.1135274E-5 -3.480064E-4 -9.293517E-4 -3.291124E-4 0.002731646 0.005417052 0.0014245344 -0.008780083 -0.012929542
9.180126E-6 5.0517578E-5 6.1863655E-5 -2.051464E-4 -8.383086E-4 -7.623297E-4 0.0018772276 0.0056964294 0.0038466894 -0.007034073 -0.015850335 -0.007948206 0.010792795
6.7374975E-5 -8.4943626E-5 -6.461672E-4 -9.678799E-4 9.061437E-4 0.0051186956 0.0056935297 -0.003958252 -0.016603922 -0.013714464 0.0070802043 0.022054603 0.013527368
-4.2426653E-4 -9.411733E-4 8.7657E-5 0.0039180396 0.0064542457 -4.4638786E-4 -0.01481617 -0.018124182 9.308244E-4 0.022942472 0.020840516 -7.948043E-4 -0.014547273
-4.184237E-4 0.0025044659 0.006049759 0.002484014 -0.0110407295 -0.019804627 -0.006038495 0.019930484 0.026548037 0.006010913 -0.0147324465 -0.014572543 -0.0024501332
0.004814441 0.0041541453 -0.0064917784 -0.018373426 -0.011772589 0.013661527 0.028712537 0.013661527 -0.011772589 -0.018373426 -0.0064917784 0.0041541453 0.004814441
-0.0024501332 -0.014572543 -0.0147324465 0.006010913 0.026548037 0.019930484 -0.006038495 -0.019804627 -0.0110407295 0.002484014 0.006049759 0.0025044659 -4.184237E-4
-0.014547273 -7.948043E-4 0.020840516 0.022942472 9.308244E-4 -0.018124182 -0.01481617 -4.4638786E-4 0.0064542457 0.0039180396 8.7657E-5 -9.411733E-4 -4.2426653E-4
0.013527368 0.022054603 0.0070802043 -0.013714464 -0.016603922 -0.003958252 0.0056935297 0.0051186956 9.061437E-4 -9.678799E-4 -6.461672E-4 -8.4943626E-5 6.7374975E-5
0.010792795 -0.007948206 -0.015850335 -0.007034073 0.0038466894 0.0056964294 0.0018772276 -7.623297E-4 -8.383086E-4 -2.051464E-4 6.1863655E-5 5.0517578E-5 9.180126E-6
-0.012929542 -0.008780083 0.0014245344 0.005417052 0.002731646 -3.291124E-4 -9.293517E-4 -3.480064E-4 3.1135274E-5 6.5288135E-5 1.8154635E-5 -1.2061321E-6 -1.8781305E-6
-8.5420406E-4 0.0043534706 0.0032048593 2.3006483E-4 -8.706993E-4 -4.7597857E-4 -2.5373152E-5 7.1307935E-5 2.8946977E-5 1.1458711E-6 -2.3913606E-6 -7.2086806E-7 -2.119015E-8
3.9650058E-5 4.28643E-5 4.568705E-5 4.801041E-5 4.9741957E-5 5.081071E-5 5.117205E-5 5.081071E-5 4.9741957E-5 4.801041E-5 4.568705E-5 4.28643E-5 3.9649978E-5
-1.3916256E-4 -1.5044364E-4 -1.6035083E-4 -1.6850528E-4 -1.7458262E-4 -1.7833368E-4 -1.7960189E-4 -1.7833368E-4 -1.7458262E-4 -1.6850528E-4 -1.6035083E-4 -1.5044364E-4 -1.3916177E-4
-6.8541686E-4 -7.4098114E-4 -7.897771E-4 -8.2994025E-4 -8.598739E-4 -8.78349E-4 -8.8459544E-4 -8.78349E-4 -8.598739E-4 -8.299411E-4 -7.8977796E-4 -7.409819E-4 -6.85418E-4
0.004737451 0.0051214984 0.0054587643 0.0057363654 0.005943252 0.0060709487 0.0061141215 0.0060709487 0.005943252 0.005736362 0.005458762 0.005121496 0.0047374484
-0.0057438174 -0.006209447 -0.006618354 -0.0069549233 -0.00720576 -0.0073605776 -0.0074129207 -0.0073605776 -0.0072057545 -0.006954912 -0.0066183433 -0.006209433 -0.005743804
-0.009772619 -0.010564848 -0.01126058 -0.011833225 -0.012260007 -0.012523427 -0.012612488 -0.01252343 -0.012260015 -0.011833237 -0.0112605905 -0.010564864 -0.009772633
0.02333342 0.025224973 0.026886115 0.028253384 0.02927237 0.029901316 0.030113956 0.029901316 0.02927237 0.028253384 0.026886115 0.025224973 0.02333342
-0.009772633 -0.010564864 -0.0112605905 -0.011833237 -0.012260015 -0.01252343 -0.012612488 -0.012523427 -0.012260007 -0.011833225 -0.01126058 -0.010564848 -0.009772619
-0.005743804 -0.006209433 -0.0066183433 -0.006954912 -0.0072057545 -0.0073605776 -0.0074129207 -0.0073605776 -0.00720576 -0.0069549233 -0.006618354 -0.006209447 -0.0057438174
0.0047374484 0.005121496 0.005458762 0.005736362 0.005943252 0.0060709487 0.0061141215 0.0060709487 0.005943252 0.0057363654 0.0054587643 0.0051214984 0.004737451
-6.85418E-4 -7.409819E-4 -7.8977796E-4 -8.299411E-4 -8.598739E-4 -8.78349E-4 -8.8459544E-4 -8.78349E-4 -8.598739E-4 -8.2994025E-4 -7.897771E-4 -7.4098114E-4 -6.8541686E-4
-1.3916177E-4 -1.5044364E-4 -1.6035083E-4 -1.6850528E-4 -1.7458262E-4 -1.7833368E-4 -1.7960189E-4 -1.7833368E-4 -1.7458262E-4 -1.6850528E-4 -1.6035083E-4 -1.5044364E-4 -1.3916256E-4
3.9649978E-5 4.28643E-5 4.568705E-5 4.801041E-5 4.9741957E-5 5.081071E-5 5.117205E-5 5.081071E-5 4.9741957E-5 4.801041E-5 4.568705E-5 4.28643E-5 3.9650058E-5
-8.5422175E-4 0.0043534674 0.0032048638 2.3006812E-4 -8.706994E-4 -4.7597918E-4 -2.5373338E-5 7.130795E-5 2.8946997E-5 1.1458711E-6 -2.3913606E-6 -7.2086806E-7 -2.119015E-8
-0.012929538 -0.008780105 0.0014245226 0.005417054 0.002731651 -3.2911118E-4 -9.293521E-4 -3.480072E-4 3.1135165E-5 6.528816E-5 1.8154658E-5 -1.2061321E-6 -1.8781301E-6
0.01079283 -0.007948183 -0.015850337 -0.0070340876 0.0038466826 0.005696431 0.0018772299 -7.623287E-4 -8.383086E-4 -2.051464E-4 6.1863655E-5 5.0517578E-5 9.180126E-6
0.013527336 0.02205461 0.0070802304 -0.01371445 -0.016603928 -0.003958257 0.0056935283 0.0051186965 9.061437E-4 -9.678799E-4 -6.461672E-4 -8.4943145E-5 6.737495E-5
-0.014547281 -7.94828E-4 0.020840503 0.022942487 9.3084073E-4 -0.018124176 -0.014816173 -4.4638786E-4 0.0064542457 0.0039180396 8.7657E-5 -9.411733E-4 -4.2426575E-4
-0.0024501174 -0.014572535 -0.014732455 0.006010893 0.026548034 0.01993049 -0.00603849 -0.019804627 -0.0110407295 0.002484021 0.006049758 0.0025044628 -4.1842586E-4
0.0048144376 0.0041541513 -0.0064917677 -0.018373422 -0.011772596 0.013661522 0.028712537 0.013661522 -0.011772596 -0.018373422 -0.0064917677 0.0041541513 0.0048144376
-4.1842586E-4 0.0025044628 0.006049758 0.002484021 -0.0110407295 -0.019804627 -0.00603849 0.01993049 0.026548034 0.006010893 -0.014732455 -0.014572535 -0.0024501174
-4.2426575E-4 -9.411733E-4 8.7657E-5 0.0039180396 0.0064542457 -4.4638786E-4 -0.014816173 -0.018124176 9.3084073E-4 0.022942487 0.020840503 -7.94828E-4 -0.014547281
6.737495E-5 -8.4943145E-5 -6.461672E-4 -9.678799E-4 9.061437E-4 0.0051186965 0.0056935283 -0.003958257 -0.016603928 -0.01371445 0.0070802304 0.02205461 0.013527336
9.180126E-6 5.0517578E-5 6.1863655E-5 -2.051464E-4 -8.383086E-4 -7.623287E-4 0.0018772299 0.005696431 0.0038466826 -0.0070340876 -0.015850337 -0.007948183 0.01079283
-1.8781301E-6 -1.2061321E-6 1.8154658E-5 6.528816E-5 3.1135165E-5 -3.480072E-4 -9.293521E-4 -3.2911118E-4 0.002731651 0.005417054 0.0014245226 -0.008780105 -0.012929538
-2.119015E-8 -7.2086806E-7 -2.3913606E-6 1.1458711E-6 2.8946997E-5 7.130795E-5 -2.5373338E-5 -4.7597918E-4 -8.706994E-4 2.3006812E-4 0.0032048638 0.0043534674 -8.5422175E-4
-8.5418357E-4 -0.012929547 0.010792761 0.0135274 -0.014547266 -0.002450149 0.004814445 -4.1842158E-4 -4.2426755E-4 6.7374946E-5 9.180165E-6 -1.8781305E-6 -2.1190488E-8
0.0043534734 -0.00878006 -0.007948235 0.022054594 -7.947649E-4 -0.014572553 0.004154137 0.0025044715 -9.4117364E-4 -8.4943626E-5 5.0517672E-5 -1.2061321E-6 -7.20869E-7
0.003204852 0.0014245552 -0.015850332 0.007080164 0.020840539 -0.014732434 -0.0064917933 0.0060497606 8.766052E-5 -6.4616767E-4 6.186362E-5 1.8154658E-5 -2.3913606E-6
2.3006E-4 0.0054170527 -0.007034058 -0.013714483 0.022942457 0.006010934 -0.01837343 0.0024840075 0.0039180433 -9.6787984E-4 -2.051464E-4 6.5288135E-5 1.1458711E-6
-8.706993E-4 0.0027316401 0.0038466975 -0.016603915 9.308035E-4 0.026548043 -0.011772579 -0.011040739 0.0064542466 9.061437E-4 -8.383086E-4 3.1135274E-5 2.8946977E-5
-4.7597822E-4 -3.2911502E-4 0.005696427 -0.0039582364 -0.018124187 0.019930473 0.0136615345 -0.019804627 -4.4638786E-4 0.0051186956 -7.623297E-4 -3.4800597E-4 7.130797E-5
-2.5372958E-5 -9.293516E-4 0.001877227 0.005693531 -0.01481617 -0.006038495 0.028712537 -0.006038495 -0.01481617 0.005693531 0.001877227 -9.293516E-4 -2.5372958E-5
7.130797E-5 -3.4800597E-4 -7.623297E-4 0.0051186956 -4.4638786E-4 -0.019804627 0.0136615345 0.019930473 -0.018124187 -0.0039582364 0.005696427 -3.2911502E-4 -4.7597822E-4
2.8946977E-5 3.1135274E-5 -8.383086E-4 9.061437E-4 0.0064542466 -0.011040739 -0.011772579 0.026548043 9.308035E-4 -0.016603915 0.0038466975 0.0027316401 -8.706993E-4
1.1458711E-6 6.5288135E-5 -2.051464E-4 -9.6787984E-4 0.0039180433 0.0024840075 -0.01837343 0.006010934 0.022942457 -0.013714483 -0.007034058 0.0054170527 2.3006E-4
-2.3913606E-6 1.8154658E-5 6.186362E-5 -6.4616767E-4 8.766052E-5 0.0060497606 -0.0064917933 -0.014732434 0.020840539 0.007080164 -0.015850332 0.0014245552 0.003204852
-7.20869E-7 -1.2061321E-6 5.0517672E-5 -8.4943626E-5 -9.4117364E-4 0.0025044715 0.004154137 -0.014572553 -7.947649E-4 0.022054594 -0.007948235 -0.00878006 0.0043534734
-2.1190488E-8 -1.8781305E-6 9.180165E-6 6.7374946E-5 -4.2426755E-4 -4.1842158E-4 0.004814445 -0.002450149 -0.014547266 0.0135274 0.010792761 -0.012929547 -8.5418357E-4
2.3548973E-5 -8.265141E-5 -4.0708398E-4 0.0028136712 -0.003411369 -0.0058041695 0.013858209 -0.0058041695 -0.003411369 0.0028136712 -4.0708398E-4 -8.265141E-5 2.3548973E-5
3.216484E-5 -1.1289106E-4 -5.560237E-4 0.0038431087 -0.0046594855 -0.007927739 0.018928507 -0.007927739 -0.0046594855 0.0038431087 -5.560237E-4 -1.1289106E-4 3.216484E-5
4.151172E-5 -1.4569645E-4 -7.176005E-4 0.0049598897 -0.0060135005 -0.010231487 0.024429007 -0.010231487 -0.0060135005 0.0049598897 -7.176005E-4 -1.4569645E-4 4.151172E-5
5.0622133E-5 -1.7767177E-4 -8.750889E-4 0.0060484144 -0.007333257 -0.012476946 0.02979033 -0.012476946 -0.007333257 0.0060484144 -8.750889E-4 -1.7767177E-4 5.0622133E-5
5.832974E-5 -2.0472372E-4 -0.0010083283 0.006969333 -0.008449803 -0.014376659 0.034326144 -0.014376659 -0.008449803 0.006969333 -0.0010083283 -2.0472372E-4 5.832974E-5
6.350674E-5 -2.2289378E-4 -0.0010978214 0.007587891 -0.009199758 -0.015652647 0.03737273 -0.015652647 -0.009199758 0.007587891 -0.0010978214 -2.2289378E-4 6.350674E-5
6.533257E-5 -2.2930201E-4 -0.001129384 0.007806044 -0.009464252 -0.016102662 0.0384472 -0.016102662 -0.009464252 0.007806044 -0.001129384 -2.2930201E-4 6.533257E-5
6.350674E-5 -2.2289378E-4 -0.0010978214 0.007587891 -0.009199758 -0.015652647 0.03737273 -0.015652647 -0.009199758 0.007587891 -0.0010978214 -2.2289378E-4 6.350674E-5
5.832974E-5 -2.0472372E-4 -0.0010083283 0.006969333 -0.008449803 -0.014376659 0.034326144 -0.014376659 -0.008449803 0.006969333 -0.0010083283 -2.0472372E-4 5.832974E-5
5.0622133E-5 -1.7767177E-4 -8.750889E-4 0.0060484144 -0.007333257 -0.012476946 0.02979033 -0.012476946 -0.007333257 0.0060484144 -8.750889E-4 -1.7767177E-4 5.0622133E-5
4.151172E-5 -1.4569645E-4 -7.176005E-4 0.0049598897 -0.0060135005 -0.010231487 0.024429007 -0.010231487 -0.0060135005 0.0049598897 -7.176005E-4 -1.4569645E-4 4.151172E-5
3.216484E-5 -1.1289106E-4 -5.560237E-4 0.0038431087 -0.0046594855 -0.007927739 0.018928507 -0.007927739 -0.0046594855 0.0038431087 -5.560237E-4 -1.1289106E-4 3.216484E-5
2.3548973E-5 -8.265141E-5 -4.0708398E-4 0.0028136712 -0.003411369 -0.0058041695 0.013858209 -0.0058041695 -0.003411369 0.0028136712 -4.0708398E-4 -8.265141E-5 2.3548973E-5
-2.5825896E-8 -2.172981E-6 9.976511E-6 6.804749E-5 -3.940211E-4 -3.5354888E-4 0.003661952 -0.0016598692 -0.008684997 0.0070418534 0.004847064 -0.004956567 -2.765688E-4
-9.374867E-7 -1.5167536E-6 6.077962E-5 -9.674432E-5 -0.0010039848 0.0024758202 0.0037654461 -0.01198351 -5.8669935E-4 0.014458654 -0.0045789112 -0.004397873 0.001875909
-3.214399E-6 2.4035291E-5 7.9815596E-5 -8.0384495E-4 1.0403322E-4 0.0067774397 -0.0067923013 -0.014244209 0.018423205 0.005662144 -0.011345762 9.0304675E-4 0.0017802378
1.5420317E-6 8.81432E-5 -2.7491877E-4 -0.0012738911 0.0050111064 0.0030546153 -0.021493845 0.0066186446 0.023526572 -0.012958948 -0.0060597574 0.0042097005 1.595753E-4
3.777491E-5 4.1519248E-5 -0.0011302748 0.0012222051 0.008616697 -0.014435318 -0.014914811 0.032246225 0.0010725143 -0.017956026 0.0038631225 0.002520651 -7.3042465E-4
8.7405344E-5 -4.4399872E-4 -0.0010016437 0.006853171 -6.025452E-4 -0.026666913 0.0181559 0.025866216 -0.022727598 -0.004745293 0.006459657 -3.4928563E-4 -4.6777976E-4
-2.8296228E-5 -0.0010988044 0.0023282554 0.007329114 -0.019586038 -0.008110791 0.038771674 -0.008110791 -0.019586038 0.007329114 0.0023282554 -0.0010988044 -2.8296228E-5
-4.6777976E-4 -3.4928563E-4 0.006459657 -0.004745293 -0.022727598 0.025866216 0.0181559 -0.026666913 -6.025452E-4 0.006853171 -0.0010016437 -4.4399872E-4 8.7405344E-5
-7.3042465E-4 0.002520651 0.0038631225 -0.017956026 0.0010725143 0.032246225 -0.014914811 -0.014435318 0.008616697 0.0012222051 -0.0011302748 4.1519248E-5 3.777491E-5
1.595753E-4 0.0042097005 -0.0060597574 -0.012958948 0.023526572 0.0066186446 -0.021493845 0.0030546153 0.0050111064 -0.0012738911 -2.7491877E-4 8.81432E-5 1.5420317E-6
0.0017802378 9.0304675E-4 -0.011345762 0.005662144 0.018423205 -0.014244209 -0.0067923013 0.0067774397 1.0403322E-4 -8.0384495E-4 7.9815596E-5 2.4035291E-5 -3.214399E-6
0.001875909 -0.004397873 -0.0045789112 0.014458654 -5.8669935E-4 -0.01198351 0.0037654461 0.0024758202 -0.0010039848 -9.674432E-5 6.077962E-5 -1.5167536E-6 -9.374867E-7
-2.765688E-4 -0.004956567 0.004847064 0.0070418534 -0.008684997 -0.0016598692 0.003661952 -3.5354888E-4 -3.940211E-4 6.804749E-5 9.976511E-6 -2.172981E-6 -2.5825896E-8
-2.582548E-8 -9.374852E-7 -3.2143973E-6 1.5420098E-6 3.777488E-5 8.7405315E-5 -2.8296017E-5 -4.6777906E-4 -7.304245E-4 1.5957412E-4 0.0017802359 0.0018759096 -2.7656482E-4
-2.1729809E-6 -1.5167534E-6 2.4035255E-5 8.814315E-5 4.151938E-5 -4.4399765E-4 -0.001098804 -3.49287E-4 0.0025206464 0.0042096996 9.030522E-4 -0.004397865 -0.0049565667
9.976501E-6 6.0779614E-5 7.981559E-5 -2.7491874E-4 -0.0011302747 -0.0010016449 0.002328252 0.006459655 0.0038631242 -0.006059748 -0.011345759 -0.004578919 0.004847055
6.804748E-5 -9.674427E-5 -8.038442E-4 -0.0012738912 0.0012222016 0.006853169 0.0073291147 -0.004745286 -0.017956017 -0.012958952 0.00566213 0.014458646 0.007041859
-3.9402104E-4 -0.0010039844 1.040332E-4 0.0050111045 0.008616696 -6.025451E-4 -0.01958603 -0.022727594 0.0010725036 0.02352656 0.018423207 -5.866875E-4 -0.008684992
-3.5354777E-4 0.0024758205 0.006777439 0.0030546149 -0.014435316 -0.02666691 -0.008110797 0.025866209 0.03224622 0.0066186534 -0.0142442025 -0.011983509 -0.001659874
0.0036619515 0.003765443 -0.0067923055 -0.021493841 -0.014914802 0.018155903 0.03877167 0.018155903 -0.014914802 -0.021493841 -0.0067923055 0.003765443 0.0036619515
-0.001659874 -0.011983509 -0.0142442025 0.0066186534 0.03224622 0.025866209 -0.008110797 -0.02666691 -0.014435316 0.0030546149 0.006777439 0.0024758205 -3.5354777E-4
-0.008684992 -5.866875E-4 0.018423207 0.02352656 0.0010725036 -0.022727594 -0.01958603 -6.025451E-4 0.008616696 0.0050111045 1.040332E-4 -0.0010039844 -3.9402104E-4
0.007041859 0.014458646 0.00566213 -0.012958952 -0.017956017 -0.004745286 0.0073291147 0.006853169 0.0012222016 -0.0012738912 -8.038442E-4 -9.674427E-5 6.804748E-5
0.004847055 -0.004578919 -0.011345759 -0.006059748 0.0038631242 0.006459655 0.002328252 -0.0010016449 -0.0011302747 -2.7491874E-4 7.981559E-5 6.0779614E-5 9.976501E-6
-0.0049565667 -0.004397865 9.030522E-4 0.0042096996 0.0025206464 -3.49287E-4 -0.001098804 -4.4399765E-4 4.151938E-5 8.814315E-5 2.4035255E-5 -1.5167534E-6 -2.1729809E-6
-2.7656482E-4 0.0018759096 0.0017802359 1.5957412E-4 -7.304245E-4 -4.6777906E-4 -2.8296017E-5 8.7405315E-5 3.777488E-5 1.5420098E-6 -3.2143973E-6 -9.374852E-7 -2.582548E-8
2.354899E-5 3.216484E-5 4.151172E-5 5.0622133E-5 5.832974E-5 6.350674E-5 6.533257E-5 6.350674E-5 5.832974E-5 5.0622133E-5 4.151172E-5 3.216484E-5 2.3548959E-5
-8.2651575E-5 -1.1289106E-4 -1.4569645E-4 -1.7767177E-4 -2.0472372E-4 -2.2289378E-4 -2.2930201E-4 -2.2289378E-4 -2.0472372E-4 -1.7767177E-4 -1.4569645E-4 -1.1289106E-4 -8.26511E-5
-4.0708354E-4 -5.560231E-4 -7.175997E-4 -8.75088E-4 -0.0010083283 -0.0010978214 -0.001129384 -0.0010978214 -0.0010083283 -8.750889E-4 -7.176005E-4 -5.560237E-4 -4.070842E-4
0.002813672 0.0038431087 0.0049598906 0.006048416 0.006969333 0.007587891 0.007806044 0.007587891 0.006969333 0.0060484135 0.0049598888 0.0038431073 0.0028136703
-0.003411374 -0.004659492 -0.0060135056 -0.0073332624 -0.00844981 -0.009199758 -0.009464252 -0.009199758 -0.008449803 -0.007333251 -0.006013496 -0.004659481 -0.0034113661
-0.0058041643 -0.007927732 -0.010231481 -0.012476939 -0.014376654 -0.015652642 -0.016102662 -0.015652647 -0.014376664 -0.01247695 -0.01023149 -0.007927744 -0.0058041723
0.013858209 0.018928507 0.024429007 0.02979033 0.034326144 0.03737273 0.0384472 0.03737273 0.034326144 0.02979033 0.024429007 0.018928507 0.013858209
-0.0058041723 -0.007927744 -0.01023149 -0.01247695 -0.014376664 -0.015652647 -0.016102662 -0.015652642 -0.014376654 -0.012476939 -0.010231481 -0.007927732 -0.0058041643
-0.0034113661 -0.004659481 -0.006013496 -0.007333251 -0.008449803 -0.009199758 -0.009464252 -0.009199758 -0.00844981 -0.0073332624 -0.0060135056 -0.004659492 -0.003411374
0.0028136703 0.0038431073 0.0049598888 0.0060484135 0.006969333 0.007587891 0.007806044 0.007587891 0.006969333 0.006048416 0.0049598906 0.0038431087 0.002813672
-4.070842E-4 -5.560237E-4 -7.176005E-4 -8.750889E-4 -0.0010083283 -0.0010978214 -0.001129384 -0.0010978214 -0.0010083283 -8.75088E-4 -7.175997E-4 -5.560231E-4 -4.0708354E-4
-8.26511E-5 -1.1289106E-4 -1.4569645E-4 -1.7767177E-4 -2.0472372E-4 -2.2289378E-4 -2.2930201E-4 -2.2289378E-4 -2.0472372E-4 -1.7767177E-4 -1.4569645E-4 -1.1289106E-4 -8.2651575E-5
2.3548959E-5 3.216484E-5 4.151172E-5 5.0622133E-5 5.832974E-5 6.350674E-5 6.533257E-5 6.350674E-5 5.832974E-5 5.0622133E-5 4.151172E-5 3.216484E-5 2.354899E-5
-2.765706E-4 0.0018759081 0.0017802386 1.5957633E-4 -7.304245E-4 -4.6777946E-4 -2.8296223E-5 8.740533E-5 3.7774902E-5 1.5420097E-6 -3.214397E-6 -9.374851E-7 -2.5825479E-8
-0.0049565653 -0.004397875 9.0304477E-4 0.0042097 0.0025206504 -3.4928558E-4 -0.0010988042 -4.4399864E-4 4.151923E-5 8.814318E-5 2.4035286E-5 -1.5167543E-6 -2.172979E-6
0.0048470697 -0.0045789066 -0.01134576 -0.0060597593 0.003863116 0.0064596557 0.002328255 -0.0010016435 -0.0011302746 -2.749187E-4 7.981558E-5 6.077961E-5 9.976508E-6
0.0070418413 0.014458653 0.005662151 -0.012958938 -0.017956024 -0.004745292 0.0073291124 0.0068531698 0.0012222016 -0.0012738911 -8.0384413E-4 -9.674375E-5 6.8047455E-5
-0.0086849965 -5.8670505E-4 0.018423194 0.023526572 0.0010725223 -0.022727586 -0.019586032 -6.0254504E-4 0.008616695 0.005011105 1.040332E-4 -0.0010039846 -3.9402043E-4
-0.0016598632 -0.011983503 -0.014244211 0.0066186297 0.03224621 0.025866216 -0.00811079 -0.026666908 -0.0144353155 0.0030546233 0.0067774374 0.0024758177 -3.5354964E-4
0.0036619485 0.0037654496 -0.006792294 -0.021493834 -0.014914812 0.018155893 0.038771667 0.018155893 -0.014914812 -0.021493834 -0.006792294 0.0037654496 0.0036619485
-3.5354964E-4 0.0024758177 0.0067774374 0.0030546233 -0.0144353155 -0.026666908 -0.00811079 0.025866216 0.03224621 0.0066186297 -0.014244211 -0.011983503 -0.0016598632
-3.9402043E-4 -0.0010039846 1.040332E-4 0.005011105 0.008616695 -6.0254504E-4 -0.019586032 -0.022727586 0.0010725223 0.023526572 0.018423194 -5.8670505E-4 -0.0086849965
6.8047455E-5 -9.674375E-5 -8.0384413E-4 -0.0012738911 0.0012222016 0.0068531698 0.0073291124 -0.004745292 -0.017956024 -0.012958938 0.005662151 0.014458653 0.0070418413
9.976508E-6 6.077961E-5 7.981558E-5 -2.749187E-4 -0.0011302746 -0.0010016435 0.002328255 0.0064596557 0.003863116 -0.0060597593 -0.01134576 -0.0045789066 0.0048470697
-2.172979E-6 -1.5167543E-6 2.4035286E-5 8.814318E-5 4.151923E-5 -4.4399864E-4 -0.0010988042 -3.4928558E-4 0.0025206504 0.0042097 9.0304477E-4 -0.004397875 -0.0049565653
-2.5825479E-8 -9.374851E-7 -3.214397E-6 1.5420097E-6 3.7774902E-5 8.740533E-5 -2.8296223E-5 -4.6777946E-4 -7.304245E-4 1.5957633E-4 0.0017802386 0.0018759081 -2.765706E-4
-2.765584E-4 -0.0049565705 0.0048470423 0.0070418776 -0.008684989 -0.0016598847 0.0036619548 -3.5354606E-4 -3.9402198E-4 6.804745E-5 9.976547E-6 -2.1729813E-6 -2.5825862E-8
0.0018759115 -0.004397854 -0.0045789382 0.014458642 -5.866586E-4 -0.011983519 0.003765437 0.0024758265 -0.0010039848 -9.674429E-5 6.0779697E-5 -1.5167537E-6 -9.3748673E-7
0.0017802326 9.0306584E-4 -0.011345759 0.0056620995 0.018423231 -0.014244194 -0.006792322 0.006777441 1.0403741E-4 -8.03845E-4 7.981557E-5 2.4035293E-5 -3.214398E-6
1.5957076E-4 0.0042097 -0.0060597374 -0.012958974 0.023526553 0.0066186776 -0.021493848 0.0030546067 0.00501111 -0.0012738907 -2.749188E-4 8.814316E-5 1.5420102E-6
-7.304248E-4 0.002520641 0.0038631328 -0.017956015 0.0010724796 0.032246236 -0.014914795 -0.014435331 0.008616698 0.001222202 -0.001130275 4.151939E-5 3.7774913E-5
-4.677787E-4 -3.4928982E-4 0.006459654 -0.0047452687 -0.022727607 0.025866203 0.018155916 -0.026666915 -6.025452E-4 0.0068531716 -0.0010016451 -4.4399718E-4 8.740538E-5
-2.8295817E-5 -0.0010988041 0.0023282522 0.0073291184 -0.019586034 -0.008110799 0.038771678 -0.008110799 -0.019586034 0.0073291184 0.0023282522 -0.0010988041 -2.8295817E-5
8.740538E-5 -4.4399718E-4 -0.0010016451 0.0068531716 -6.025452E-4 -0.026666915 0.018155916 0.025866203 -0.022727607 -0.0047452687 0.006459654 -3.4928982E-4 -4.677787E-4
3.7774913E-5 4.151939E-5 -0.001130275 0.001222202 0.008616698 -0.014435331 -0.014914795 0.032246236 0.0010724796 -0.017956015 0.0038631328 0.002520641 -7.304248E-4
1.5420102E-6 8.814316E-5 -2.749188E-4 -0.0012738907 0.00501111 0.0030546067 -0.021493848 0.0066186776 0.023526553 -0.012958974 -0.0060597374 0.0042097 1.5957076E-4
-3.214398E-6 2.4035293E-5 7.981557E-5 -8.03845E-4 1.0403741E-4 0.006777441 -0.006792322 -0.014244194 0.018423231 0.0056620995 -0.011345759 9.0306584E-4 0.0017802326
-9.3748673E-7 -1.5167537E-6 6.0779697E-5 -9.674429E-5 -0.0010039848 0.0024758265 0.003765437 -0.011983519 -5.866586E-4 0.014458642 -0.0045789382 -0.004397854 0.0018759115
-2.5825862E-8 -2.1729813E-6 9.976547E-6 6.804745E-5 -3.9402198E-4 -3.5354606E-4 0.0036619548 -0.0016598847 -0.008684989 0.0070418776 0.0048470423 -0.0049565705 -2.765584E-4